453213521253111112411            1           28                              10            2            1            1
352115532233223334423            2           28                              10            3            1            2
152112121252111112511            2           74                              15            3            1            3
452113211252111122511            2           28                              15            3            1            4
552114523351112122411            1           28                              10            3            1            5
542114111242111112311            1           29                              10            3            1            6
352114523353442344444            1           29                              10            2            1            7
243231424322313434431            2           46                              10            3            2            1
553213111254111111511            1           40                               4            3            2            2
111111532111123443341            2           18                              10            2            2            3
321114111141111111311            2           52                              10            3            2            4
334233523333243233334            2            0                              10            2            2            5
521112422253212222422            2           25                               7            2            3            1
552111132043423212134            2           24                              15            3            3            2
553212122352212122511            2           22                              21            3            3            3
551111112251111111511            2           21                              19            3            3            4
552111111151113324531            2           22                              13            3            3            5
551111111151111111511            2           20                              16            2            3            6
554314133454212234521            2           24                              10            3            3            7
552113111252111111511            2           21                               5            3            3            8
451111111151111111511            2           19                              14            3            3            9
542212233221222111121            1           23                              13            3            3           10
451112111251111111511            1           20                               4            2            3           11
441113111132122223322            1           21                              13            3            3           12
452113132454212234511            1           21                              40            3            3           13
553214233453212234521            1           23                              34            3            3           14
152112111551111111511            1           25                              15            3            3           15
553213121152111111411            1           66                              30            3            3           16
353214335431333543133            1           26                              16            3            4            1
254314224532111124521            2           59                              12            3            4            2
253113223451211224511            1           36                              10            2            4            3
153122223352322333521            2           23                              12            3            4            4
254223224442212334521            2           28                               9            3            4            5
254214124452312234521            1           25                              17            3            4            6
553213122353352233535            1           30                              15            3            5            1
252114322352211344522            2           22                              10            3            5            2
454313223451311134512            1           25                              10            3            5            3
353111331351211334521            2           18                               8            2            5            4
354214433451243234524            1           26                              10            3            5            5
554213223353222123421            2           24                               7            2            6            1
132114514322451322135            1           26                              10            2            6            2
135214115331413431151            1           66                               9            2            6            3
451112111151111111411            2           63                              11            3            6            4
552113221234431524154            1           30                              10            3            6            5
453213211235411122321            2           29                               8            3            6            6
452112121252111112511            2           37                              16            3            6            7
453113231352123133422            2           26                               8            3            6            8
554323222353212233521            2           30                              10            2            6            9
152114312341221123322            1           25                               9            3            6           10
454314434553433445554            2           52                              10            3            7            1
453324334221422345532            2           20                              10            2            7            2
152223212453221223521            1           24                              15            3            7            3
551111111121111112511            1           24                              10            2            7            4
543215331354111111511            1           24                              10            3            7            5
143114512344211125522            1           25                             6.5            3            7            6
434432543422344323443            1           27                               5            2            7            7
452113211254111122511            1           24                             7.5            3            7            8
354215512352212223511            1           53                              10            3            7            9
532114544332553344443            2           24                               5            2            7           10
154434414454431234522            2           25                              10            3            7           11
253114322352214234521            1           24                               9            3            7           12
351112121151113111411            1           20                              12            3            7           13
234432122453222345421            1           22                               0            0            4            0
453114543351354124535            1           25                               0            0            5            0
152214312251221224522            2           25                               0            0            6            0
152223212453221223521            1           24                               0            0            7            0
